342
577
56
454
395
59
227
129
67
728
374
654
141
301
326
431
11
105
933
596
708
318
191
570
460
988
729
78
433
162
357
467
817
859
859
465
459
889
686
937
325
963
490
845
50
792
877
248
347
689
254
980
624
462
480
833
272
443
742
831
957
164
306
107
587
456
160
467
43
920
906
497
805
440
357
378
923
215
569
444
830
811
773
419
776
870
519
304
646
91
529
31
28
214
831
620
273
962
818
341
535
744
237
291
472
781
378
237
439
365
234
727
91
301
707
850
764
276
608
319
10
628
174
43
61
615
952
368
550
722
442
67
995
277
417
739
633
655
811
863
221
564
912
958
800
14
713
561
17
185
68
506
98
870
575
514
438
479
974
377
86
167
945
451
771
83
391
585
735
893
715
677
1
744
473
258
298
752
187
662
905
766
792
676
621
697
476
74
554
681
101
473
116
824
864
235
478
917
864
488
920
90
988
164
389
174
531
699
438
104
925
199
455
395
874
150
59
625
485
24
527
287
830
784
740
769
357
181
122
403
766
323
322
274
859
291
491
727
594
510
293
217
167
628
735
460
647
186
135
158
432
467
321
823
936
591
553
249
739
641
256
705
302
842
712
154
565
37
525
441
876
354
508
152
939
711
375
869
965
849
84
848
468
287
462
929
94
812
178
372
963
344
550
400
909
595
282
351
545
554
915
558
313
883
990
36
350
330
1000
125
646
117
77
672
738
795
166
38
484
420
402
468
846
392
57
815
947
892
475
71
128
754
763
580
359
492
709
637
785
7
256
52
727
302
816
123
47
687
900
270
81
498
689
388
763
200
367
98
468
346
930
120
664
689
691
142
452
17
533
416
90
669
816
590
315
452
832
770
311
60
517
334
116
704
928
243
357
362
456
605
399
527
111
995
65
112
102
81
119
279
928
110
569
790
451
110
256
239
949
914
841
806
512
286
430
964
627
997
998
230
21
783
954
799
825
467
581
371
183
560
50
123
623
1
712
943
849
733
259
747
134
19
743
607
935
597
849
682
784
427
627
478
86
684
929
594
164
75
342
492
778
355
655
245
150
702
451
663
193
673
47
649
847
782
598
81
21
142
844
2
378
860
398
557
56
279
68
717
976
752
610
283
701
230
134
20
720
505
636
855
93
841
137
402
436
207
175
836
125
744
822
828
231
733
900
581
674
21
549
997
754
949
487
326
385
167
572
154
657
6
896
63
122
84
21
559
593
783
514
354
807
19
710
577
866
938
75
487
353
355
453
357
592
904
569
662
744
959
530
999
44
976
613
745
964
758
981
52
854
346
499
725
149
538
688
85
419
66
107
176
785
404
214
7
170
573
900
617
575
375
449
926
300
121
221
629
212
548
680
188
140
291
955
207
549
832
929
867
494
357
164
231
172
842
962
130
891
535
165
319
59
84
87
397
556
725
312
853
472
703
325
541
995
85
2
775
729
650
250
820
61
74
945
455
323
768
221
530
113
487
677
256
163
205
828
966
853
625
836
731
757
142
288
424
590
339
87
976
300
276
994
987
362
994
563
221
12
260
7
86
935
646
491
793
442
927
111
859
421
301
714
986
162
265
300
535
760
42
277
535
232
324
453
213
491
697
754
575
813
819
393
560
366
573
631
385
604
455
520
701
924
763
932
66
383
960
491
896
111
357
375
409
662
154
117
578
358
570
728
290
418
655
692
422
670
447
161
385
165
326
355
756
666
638
992
863
583
449
922
108
700
886
543
543
134
283
721
377
568
256
442
218
434
199
318
980
805
772
98
322
942
302
618
992
741
655
196
353
645
203
656
604
72
496
965
741
562
582
88
296
365
399
879
602
60
507
609
118
841
211
892
608
624
451
603
47
207
568
538
873
857
369
21
437
664
136
251
240
470
927
180
585
264
712
214
888
388
960
557
495
757
314
806
171
436
738
948
196
388
708
39
310
425
96
401
146
492
316
117
811
346
629
166
488
55
10
472
531
950
33
201
605
634
85
336
993
14
429
515
411
183
433
765
711
829
665
145
161
169
643
337
758
898
563
532
850
658
351
879
446
466
812
864
190
19
348
997
811
606
767
758
366
819
521
454
266
832
287
92
512
941
402
513
152
854
828
242
42
562
978
654
509
428
882
651
4
374
956
658
695
422
308
742
706
826
755
730
841
30
830
194
614
105
747
969
439
615
664
46
75
363
515
573
264
573
891
784
224
64
950
361
966
525
372
737
841
934
150
786
373
372
828
770
829
535
517
220
411
65
730
430
468
570
462
345
60
291
645
145
122
