3157
7
4154
3660
2215
2499
3613
4897
2564
1409
4879
2782
3003
575
4575
2514
208
4394
3115
1655
619
904
1157
2134
616
4964
632
4795
739
3772
1743
2261
2335
3241
524
71
2196
2808
1438
149
4678
1659
40
2765
2676
2301
2530
2338
4663
3847
946
2666
4844
3461
4818
388
2869
19
4287
70
3507
4931
1484
2835
3291
2421
4566
270
520
4295
4162
1070
556
107
2553
3146
4488
957
2507
4408
3194
4409
1817
2655
1525
3115
3151
3797
4718
3908
1995
2383
1462
4693
4619
1307
3791
4896
1017
4959
2749
4934
2926
2014
2868
3969
4104
1549
2158
59
3532
2876
95
4590
1928
3260
1017
3877
717
4345
1669
47
3446
899
3825
484
921
2784
653
4118
2667
1729
2486
1249
4619
1022
2353
480
2458
3631
689
4179
2816
4931
3044
705
1448
771
1651
1234
3738
3242
1382
4956
1844
155
3669
2536
337
1483
294
329
1177
4452
2378
4904
4236
1096
602
26
3143
2492
542
3021
2893
4602
671
2186
4721
4994
836
1025
1858
4750
470
2989
4094
263
1057
4516
1416
781
2828
4503
3371
4335
4397
1234
2816
3519
3510
2934
3383
1630
2706
1341
3141
233
2181
2276
4479
4106
4693
4235
2178
1290
3677
4516
1087
4631
4540
523
330
2338
1677
1122
1003
3577
2111
4976
3163
1790
2870
3669
2392
2085
4155
2673
3073
2980
2300
3757
2697
927
937
3653
2250
939
1194
4626
2092
1548
1580
2413
3347
1763
2515
3126
4045
180
2925
981
1556
2259
2043
1018
1284
4317
798
4563
1530
2861
2080
813
3161
3309
1483
3743
4999
1209
4120
2559
2293
3717
59
1168
295
398
2373
4168
1603
2311
4338
4428
2241
1554
1369
3369
1559
3434
4303
331
442
3895
3860
1353
4052
2121
248
1602
665
4788
1941
2857
1369
3506
3706
3283
3021
2027
2230
4133
1100
4661
851
4906
2502
1403
3412
393
2507
3461
2932
3198
3990
1367
970
803
3538
2520
4491
3850
1866
1991
4617
2228
2195
46
3943
1525
2120
698
3667
2399
1192
2326
3791
1101
165
4564
2872
1288
4833
4551
3873
3360
1221
1739
2362
2127
2578
2130
3638
703
4478
3226
2940
2724
2431
3590
329
706
3322
2377
2478
2410
2092
2537
1777
4786
2441
425
4890
2961
904
2277
4683
2098
4499
360
25
4691
3433
3188
540
1416
1641
2822
3425
2229
1653
3976
3169
1316
4019
1099
3641
1697
1678
1954
2506
3445
1787
126
1062
4360
4354
1056
2735
797
557
3017
4049
1215
1253
1254
3276
4607
4020
507
2238
419
628
2564
2012
2390
4864
1330
2045
924
524
4096
1443
1464
1998
653
1903
1083
2750
4656
2604
1896
2812
2996
469
3570
4332
608
137
1048
35
1959
2967
3216
4929
1322
4791
4538
3045
162
4250
1020
4919
2005
1742
4176
1661
3801
493
4695
3519
1588
2218
4838
2459
3078
3285
2085
1327
782
3642
3313
2022
4374
4116
4665
3402
4613
1328
4146
4097
2665
1762
3220
3549
4856
4558
3942
4784
1819
2576
705
3695
3365
830
4721
1936
3140
19
1755
2591
963
3069
1336
3883
4078
1626
1117
3286
3904
1295
4279
395
2836
1866
2198
4813
1321
3293
3681
1495
4451
4021
1261
4870
3384
3829
97
2175
3360
1878
2720
1074
4356
3052
2132
4663
1959
1128
3602
4056
2883
4249
4795
4290
4232
735
4402
4310
3077
4760
140
1276
713
3130
1163
2320
636
1223
4318
340
4983
3978
1113
57
2349
2901
3899
153
4320
204
4450
2500
503
3352
345
3759
4679
1810
2181
2623
4291
1233
1557
3953
4432
2688
3929
3560
4046
3471
2552
2475
1769
3561
2661
1234
1708
2739
1565
3125
4264
3874
578
4593
4004
1185
313
759
4895
1462
4228
3623
1595
2804
401
4752
4861
4130
3896
4973
4250
2429
4643
3915
1553
3789
468
2732
2749
3934
210
2345
3941
3126
2903
3234
3760
1525
3488
3971
1951
2201
3420
1955
1996
4175
4421
1030
291
2992
1082
496
3054
3884
2875
1972
3991
4671
2498
889
1300
1259
4145
237
1464
922
2819
2798
1165
3968
1626
2782
467
1652
2495
2157
3970
165
378
2625
3289
712
2429
2628
998
624
1339
4459
272
4153
2050
3499
465
529
3111
848
4536
483
4821
4130
2912
2664
3952
4060
4491
601
526
1193
1080
2596
756
748
837
1181
1977
1322
1078
2856
4442
1992
1752
1850
314
4597
3886
264
3725
4157
3321
2224
426
3293
1102
4003
1628
2125
2779
3756
782
4991
4963
873
2403
252
3846
4422
2440
3181
3709
1452
3972
4186
1294
2853
306
2156
4217
0
3459
1462
800
2130
3241
2707
437
4926
2831
1496
1390
333
2777
4837
833
502
415
1880
4953
343
1464
4384
3184
3541
646
2012
63
1456
4829
4282
4982
4931
623
2884
4315
1921
1416
2919
1237
612
1619
4372
3482
425
1137
1675
4230
4943
1266
4826
334
1664
3099
1191
4194
2883
1917
1323
1699
4645
2760
1785
2633
1001
2230
927
1872
3367
3636
3703
1149
4330
2394
2827
3706
423
4410
4158
358
1834
822
50
1784
637
4805
3015
3733
2157
2741
4417
3787
481
3190
1542
126
2947
4899
3878
4653
4298
4782
1971
4546
123
112
1092
4476
3876
3749
4857
4255
3850
418
1626
408
3082
2298
1949
19
1986
661
2840
4436
495
2121
896
4521
3118
3879
2556
1221
4624
1644
136
1381
1481
4133
2627
4116
3275
1959
3025
830
2292
2070
2296
4494
1979
4938
970
1714
4584
4272
3577
809
3841
1240
470
656
4014
2507
1885
4047
1335
4509
1692
2633
558
4011
1763
1887
4227
1996
2803
1927
1089
4439
1986
3229
4891
3594
974
3817
1009
1332
3774
1153
4352
31
3449
2771
849
3252
839
1622
797
2167
300
4778
1847
4260
1430
3701
1309
4726
4500
4781
908
2527
3330
2225
2148
177
2586
812
1174
4508
2727
4966
3605
3430
1741
4897
3238
2989
664
2886
1973
2901
337
2375
3272
2246
3058
1324
3267
2999
3614
3252
1289
4303
4718
3794
4186
3551
4094
1827
4744
649
3945
2078
1447
107
2771
636
3025
1838
2243
644
2285
3458
3652
3594
2995
4296
2569
4905
228
2704
3351
4709
2135
1056
4175
4018
834
2417
1517
2279
3608
3812
2107
4809
2974
3244
2127
288
461
1555
3272
1614
1016
1286
840
696
3148
261
1694
3214
4922
548
4869
3909
2124
2739
425
339
3582
3087
2870
3720
4908
2567
4404
4863
3292
1510
2092
388
3487
3332
4986
35
2967
3672
2970
1611
3170
976
1038
349
1255
4932
2140
2539
4107
505
4358
949
1390
408
1071
2461
2157
4951
4067
935
2637
3718
4940
181
4588
4315
1336
2491
88
461
522
3326
3542
3394
2799
1268
3843
1251
4192
3035
1313
1189
53
4269
1694
4659
2570
4444
3442
3056
1678
1152
806
639
3289
182
1096
466
1613
611
647
4453
846
3315
1416
3959
4395
288
4558
1062
2726
1538
132
2036
1133
3358
4277
4328
822
2788
1952
244
1033
1878
3809
2691
4380
2651
28
2058
4750
4142
1376
3514
2065
2454
3596
3903
4871
4612
281
1864
4068
4374
2174
1177
2847
4667
656
4525
3941
1163
2069
3443
3974
2561
4911
1818
1490
4501
3299
1936
3946
2656
3339
699
4725
1639
4037
136
1033
824
4378
308
2175
942
3321
4975
1854
1621
1362
1179
4069
4081
76
2622
447
837
3234
1540
2671
4834
4342
4555
4578
1195
4934
3391
4145
3799
300
2232
4073
649
2328
2562
3769
4805
456
1445
4725
2638
1429
4773
4824
2995
3127
1550
2966
3590
3295
3818
516
2286
2487
3215
3534
2512
4879
2799
2026
3080
2591
1935
3206
774
1519
3944
1386
2277
1372
4791
732
2788
1066
1811
4275
524
2420
313
190
637
3684
3744
767
2674
602
3740
1828
3671
1834
3599
4529
955
977
4969
4801
836
2899
624
4755
4984
3537
252
2175
4887
1494
2697
4473
1583
2769
4100
586
1243
4659
3765
1548
4161
2443
257
254
3911
3328
2405
1552
2554
4770
2221
2418
1242
2885
2555
408
3054
2138
1584
2903
1951
4774
2337
3458
333
188
3839
2583
4106
4973
2256
1079
2385
4449
131
527
255
4358
2892
1304
340
2460
3651
4555
4145
1808
3876
4302
4566
3182
50
1223
2465
1514
3756
681
4483
448
3786
564
4311
3364
1966
4505
3451
4878
150
2591
4813
2179
3661
1492
3348
4163
819
4558
4599
3372
2186
1896
972
4343
2897
1784
3287
2571
1322
3044
3788
3448
4771
2701
3437
4630
1713
1059
2310
1289
4663
892
1336
1261
3854
379
378
1124
4420
4683
2235
2925
3435
1920
4965
769
4958
4204
2995
3621
3496
3165
4040
4997
1086
2755
2385
21
2941
3064
4329
4174
1078
4874
1201
3931
3042
2941
1381
124
2729
3942
414
997
1760
2357
499
4164
1606
1781
4735
2544
614
3266
4069
2888
594
1773
4640
1030
4881
1868
735
3171
4928
4955
4398
4319
1226
3068
4323
1045
3184
3140
1994
4123
3094
3485
4412
1734
1785
2377
1536
534
2964
3992
940
1988
3116
1037
4976
980
1938
109
1907
4093
520
1208
4515
4935
4220
4264
4560
847
230
4044
1896
919
4055
4676
3002
1883
2382
2766
1486
921
3887
3427
3178
3537
940
334
3593
2715
1550
256
640
2689
4894
661
3405
711
327
2997
3850
3860
4339
816
3923
3510
369
199
3166
202
1158
1768
2638
2152
1227
4189
979
4652
4840
2815
4935
2139
3507
972
3264
405
52
1782
3317
1514
33
2073
1111
1099
86
1697
4363
2677
1001
2248
1631
587
2125
3374
2027
1961
1527
284
4893
3221
4218
1789
3798
4397
1345
118
1913
4258
4370
383
1326
3981
4785
3524
4764
4043
3386
1417
3747
308
2573
3322
2641
984
4899
1712
1374
1029
4085
524
723
4875
390
4788
4685
3258
2427
2945
1182
1661
4469
4248
4380
1504
3697
3132
1817
1237
2429
3427
3032
3619
3311
3957
1286
4175
4637
2943
4172
1741
1650
2037
516
2291
4014
1921
2605
3828
3211
4545
2457
4038
1688
2553
4684
4293
1304
2521
3127
1652
2014
2960
4870
3201
4229
3635
3502
3607
3496
2816
1756
2949
2103
1950
1396
4290
1059
3049
1770
1602
1683
638
3817
4280
227
4101
4944
204
1708
1691
2756
3250
1600
2530
4726
4789
1363
4323
530
1221
2417
822
2369
3644
574
4173
3523
3785
4802
3051
1850
2552
333
3723
999
1377
2913
4162
1664
4984
1819
731
2667
3201
546
3254
3201
2570
2961
3374
1144
2953
956
335
646
2653
1866
786
1666
3582
4491
2508
3726
2188
3227
1435
2502
2383
172
3180
1681
2085
655
3849
4654
4175
978
4049
3957
366
3474
1362
1050
3589
3120
13
3993
3071
4425
2096
140
2979
2319
3712
3908
1072
2096
4115
2606
1194
877
4515
4559
4950
4610
4092
1073
1850
2424
2745
1734
960
2851
445
4722
413
4812
3062
575
1113
367
2810
4409
2215
4374
4098
3455
4309
4591
2622
826
775
3331
1741
1604
3098
4949
1239
1980
23
593
1687
4038
3303
1196
1488
3213
1638
1852
4357
1822
1997
548
2228
2647
2719
2583
4169
2498
964
1535
2718
894
4914
1939
2978
4988
4592
2044
3018
3420
2359
304
166
4439
3201
922
1711
2460
887
4612
2298
2729
3378
2193
3267
2376
4442
2176
553
36
4323
2538
3535
1081
2652
3275
3737
3141
1449
3795
4470
4424
4793
4413
3713
4534
4596
1652
1858
2222
2251
1697
1999
2443
2335
4707
911
1297
4334
3620
497
3572
973
941
4879
3380
3778
525
960
1933
1093
1872
1853
3634
1104
1134
1745
3719
2036
4134
2032
2801
4096
579
4390
1880
1435
4505
4847
2843
1566
2770
3793
3168
1920
1029
2105
3934
461
2334
4819
4168
1180
4107
1208
1917
3796
4313
3179
2954
4509
717
436
3925
1921
2372
1232
1617
4888
373
3047
1272
79
3893
4173
3572
3959
2198
3725
4283
719
1900
4827
951
3429
4368
3742
3847
4248
4367
4726
240
791
2985
3492
4120
4126
1931
4529
1832
706
2104
1149
390
74
2517
2051
4905
458
2754
3017
3516
2260
546
3979
964
148
3490
4788
4414
1315
2192
522
429
3546
1280
3523
2246
1132
3634
2600
1323
260
4991
408
1722
1934
1911
4788
576
2398
261
1285
2335
1209
1885
4659
3978
2812
4644
3723
1885
2592
1442
2939
216
1459
4867
2742
4522
3967
3754
218
186
786
304
677
2150
594
1256
2093
1222
1110
741
3239
4980
2400
1223
957
1077
1821
1369
607
563
3008
3353
138
183
1216
4739
4115
1008
3807
1815
330
4195
2563
545
1635
4068
4639
3299
580
4253
3214
2145
4280
2647
3779
1742
813
4139
2112
725
2249
3077
338
358
2442
2357
1433
1311
1918
3331
4123
2868
671
2849
586
1342
2422
754
850
4793
3799
532
2604
1245
3482
3655
8
3551
3473
492
1907
1813
4142
3418
1434
3021
3577
4907
2175
187
3840
4244
1086
4928
3085
1494
2854
4313
2661
1982
1950
2188
2929
3697
1579
4468
4223
1637
1035
777
566
1064
3841
3321
1158
4095
1635
3801
3020
4560
4482
3464
1584
2584
3506
300
2388
494
3140
1656
4598
937
3276
4004
684
759
965
2479
1618
58
1368
1795
991
4046
3456
1775
215
123
3632
1084
4758
4292
4393
1505
4206
482
2905
3687
3277
3141
3441
1548
357
2230
2218
3031
2811
352
2441
2609
1511
2125
3486
3338
2125
1712
1269
1864
3977
2650
3408
4302
2130
1449
1880
2968
3763
4453
1262
1122
3731
954
148
4662
3540
4605
3553
4449
2375
1157
3665
1141
69
3889
3987
4261
4412
1237
2888
4085
3140
848
294
1151
1809
4529
131
2144
648
4832
1173
2550
4936
4335
4549
220
77
2110
3287
4536
3181
4070
2213
372
2652
1218
728
2778
763
2805
1242
4029
871
1163
4786
250
2334
1243
4744
3039
3526
2228
3687
235
3805
4750
4676
4377
736
1838
1111
300
3339
2266
4191
4030
3290
1149
2287
1903
88
1808
2219
4763
2341
4065
120
4274
3646
4824
3943
428
1660
2676
3895
3196
4382
2698
3446
2768
2945
3594
1717
123
2545
1195
3596
497
1472
152
4679
2860
4537
4872
3937
1603
1832
1625
4340
1228
77
3123
2278
2991
3377
967
1986
88
2961
4171
95
1085
715
798
3603
2182
4089
4853
2125
3640
2278
2548
4896
588
2740
4107
2550
1177
3425
2600
4164
1650
2394
1384
3386
1889
4963
2695
2753
1583
1736
495
2470
1424
3987
181
1330
3557
3701
885
3966
2967
1509
4304
4067
4598
4053
2990
4325
2119
2646
2153
103
2318
999
4683
2758
2188
4255
4063
541
867
2276
1353
329
892
3670
3137
1459
926
2376
2744
2553
2996
2227
1220
1684
3356
2348
1585
4252
4192
2116
1798
1110
2079
2431
632
339
2444
1460
1571
1218
4310
4474
1941
1035
3621
2310
4682
1497
3892
2897
1418
794
3404
3579
561
546
2497
1492
1422
2526
4140
2059
920
451
373
3121
4055
1610
4408
3979
248
3318
3047
4222
4060
3203
454
3931
256
4490
3713
2275
1940
4017
3793
4919
4005
898
895
3088
579
3678
2253
3965
397
3415
168
1111
308
17
904
399
229
4333
1600
4531
4069
1540
3241
1350
1660
90
4324
1801
2096
2911
1968
4522
4806
4884
4273
2844
1812
3145
3715
1819
163
1243
3923
2744
4139
3316
4246
3424
2634
2721
4697
1975
4340
2373
2892
2768
2360
851
1818
208
1752
2329
4872
4677
2050
597
4824
4210
3589
4283
4892
3452
2682
794
3620
692
3283
4313
2745
864
4144
2750
27
2784
1577
3068
2807
4215
3866
4656
4261
2249
1677
2284
2687
4943
4874
612
4549
221
1893
2747
598
957
3421
3818
2315
3579
1841
1618
549
2085
2481
4652
1492
682
2957
3234
4975
2457
1071
4995
2342
719
2555
4127
4765
170
731
3666
1048
320
2981
2062
883
2768
371
4670
3558
4228
348
1838
4731
3287
4403
2269
2615
232
2868
1785
1427
3767
1030
2478
3758
4229
4686
450
4895
4738
910
1916
1354
801
3853
129
3018
2522
3190
1546
37
2129
3239
3971
3412
2893
1120
3297
2322
4987
4411
2722
4818
1195
607
279
789
43
1339
1272
1533
2060
1618
1373
4737
1339
4443
651
4204
1090
1469
3779
454
2323
2337
3387
2330
3408
4710
834
3678
1120
829
1344
4099
1610
707
3875
3478
1903
2387
4365
3491
4047
1223
2114
1946
1677
2105
2100
4053
4646
2561
1126
688
3853
1886
1484
3543
1851
1188
1430
4135
4364
1952
388
4234
2340
1324
4804
2199
1293
4291
1867
1665
820
2981
3217
2747
4472
1705
3128
1259
2420
1220
310
4295
2675
798
1372
2988
2087
3047
3246
4515
1992
648
1918
3727
4530
1137
3623
3530
1421
3080
3762
4795
2430
3226
2899
996
3969
305
103
49
3208
2711
837
2647
1094
4149
2443
3668
3019
1086
2666
4578
2004
824
3804
2363
3392
4195
3087
1614
3955
2509
247
3554
3791
1925
2179
1480
4754
2451
3462
2007
1561
4600
4592
2955
2416
4521
3942
1840
4437
1554
3322
713
1941
766
1959
2883
1357
2252
938
4019
4488
2902
4122
2814
78
2934
279
2771
2847
814
748
1069
18
3949
2424
511
4835
1152
3614
4675
1027
626
2357
3281
1078
1589
2507
4042
403
2240
2071
3089
1615
1712
2823
808
1981
2026
2443
2952
3392
917
1960
2786
2552
3209
3331
4149
3592
3088
1532
919
219
3783
4971
2669
309
2047
4359
4130
3817
4480
4974
1776
2442
1715
816
3323
966
3792
598
1438
3418
1967
2683
236
4894
4557
2230
1357
1608
897
872
1425
897
4127
4249
4248
2691
1244
530
4361
4078
1701
2204
747
4343
2018
3249
3271
3566
4099
1435
530
1943
587
3079
3788
996
1066
245
1264
2622
3237
4285
3521
4345
4750
4184
2720
3289
424
4554
1949
3226
4235
394
3016
4322
3316
1817
1483
4657
576
3935
3073
1686
1518
772
4018
612
4719
2495
2955
2033
1141
2215
4832
723
1655
4260
2732
787
2145
3994
4159
538
245
2511
2208
3110
2820
4618
2023
3908
2901
4238
4837
826
1538
2219
3581
1140
144
4136
3612
4079
2580
1827
941
484
4544
1796
2363
2978
3618
4151
182
4982
4420
4566
3715
2632
3444
2437
2283
4285
1524
3428
1903
4843
1458
1192
3682
1692
2485
4263
2065
1368
3974
1686
1735
3606
4249
441
3214
1041
1339
4981
3223
4544
1365
4566
989
480
3502
4035
997
1508
786
4272
3886
1044
1433
235
659
1849
3285
2385
1670
323
793
4753
67
3345
2025
315
2267
2627
132
3524
3795
4667
4324
1016
4392
2771
2107
4390
274
60
885
2315
4430
4008
1625
1619
3805
3748
2868
1900
4431
1693
892
2560
1391
1700
3793
1930
2215
1777
2799
2783
1371
423
4361
1197
1291
4431
3563
409
2149
1000
1105
2541
3401
1341
4995
63
4310
4273
4139
1159
1742
452
4274
3048
4187
170
4026
3801
1272
1629
719
3652
2244
845
4950
4926
1073
2440
1763
1130
2889
2847
2743
3436
4741
2737
3162
4212
3988
4814
1344
3126
4434
343
3656
1862
3649
4498
1887
2552
347
3792
3871
4894
3778
892
4668
2583
1335
3453
4272
382
1141
1558
921
434
4492
3148
161
1818
3624
4184
4913
1789
1032
3234
626
1212
1165
3944
399
4860
3097
2540
4160
3129
4125
573
1800
996
2534
2425
2181
4371
356
535
1106
1858
2616
3838
1967
1729
998
4870
2364
2592
1780
2684
2669
1429
4425
329
1845
1886
1049
2206
1148
2314
4511
2813
2491
3600
3740
1389
483
2050
395
2764
3821
4140
664
1458
3920
1117
1675
2099
1480
4611
942
470
4262
4997
3241
483
4925
3595
503
481
1602
1019
3084
3127
3084
1060
3041
2364
324
1957
3074
2222
91
735
617
4990
25
4159
3712
45
309
562
984
4953
4947
1843
2948
673
865
4468
944
2304
4814
3775
1344
1520
2196
510
217
1516
2544
723
4943
4379
934
3798
1858
3001
4054
3254
2406
3156
2480
1704
1980
2809
3761
3213
1985
3764
943
4772
4553
3803
1756
4798
682
2292
4617
2881
3239
2457
1566
4566
179
4759
3758
1057
842
3779
1742
86
2032
3504
3253
1662
177
3386
4958
2555
2061
4877
249
262
1041
3086
3908
1632
1761
4546
349
2725
1350
2740
4046
2055
1073
854
1201
3516
3569
2
4379
1681
736
886
4263
2854
4515
3698
4248
2357
1736
127
4384
3121
1647
4838
59
1085
2142
1023
1677
305
356
2545
4398
3742
4799
4802
3831
724
655
2819
443
1547
479
4047
4854
3383
1521
709
1321
986
3692
3521
3168
4456
389
3692
1690
1682
2172
4169
1467
4309
3410
2745
1609
2635
3541
932
4516
1451
4536
892
143
1253
1235
2256
3207
2695
2754
4605
271
2486
495
729
4993
3384
2957
1503
4801
1473
4038
857
261
2997
4335
4745
4876
2320
3208
2907
132
3791
3084
710
3017
4037
2278
1072
1761
3482
3322
94
3922
4778
2454
4512
3945
3097
923
601
657
2703
688
3257
2748
156
2206
1645
521
3284
144
3089
3765
414
4930
1526
3852
2648
685
1266
3206
735
4142
1093
1479
1243
902
3205
286
2740
3582
595
3411
377
3262
2924
1058
1418
1264
4652
3096
3747
1020
3802
4234
467
1622
1564
821
429
2775
1823
3809
4840
4089
1057
3905
3004
1291
423
4046
1962
2056
1177
1971
3383
4569
3406
79
4620
3116
2680
874
1001
3001
4201
3487
4315
732
722
3548
1960
2344
1120
2396
2917
4692
925
1088
1099
1297
125
3911
255
2566
1508
1888
4926
315
1764
869
967
866
3807
2822
3089
3701
1835
1245
3067
794
3091
2200
3116
4884
4561
3117
741
4815
4340
3680
4781
4146
4076
1189
3124
774
3747
1067
4751
538
196
226
2089
535
1031
4555
4385
2531
924
3689
2403
3286
893
752
714
1395
2230
3521
2567
1266
4196
3260
3539
3058
85
3649
1850
711
4272
2019
3747
3100
1177
4896
1374
3231
298
1598
1179
3346
319
2875
1256
3837
188
4752
2319
2673
3784
1411
3379
2107
3071
3270
1412
2530
2580
933
938
975
4029
306
1507
3157
1157
1246
3919
2735
2402
795
4980
1618
3952
4433
126
3502
4177
873
1397
1326
1493
2016
3735
2841
424
1402
2663
1066
2840
1483
2210
1944
3531
3690
2797
3086
3968
2561
322
2999
4116
4443
4280
551
2906
4046
457
1570
1667
2255
1877
452
1622
3944
1251
4111
4341
4718
4062
3796
793
4428
1153
3398
3512
1362
4284
2266
1951
4926
4947
715
3190
1044
1768
2897
746
4490
2439
3099
2466
1308
3059
4970
1665
4257
1556
3804
1235
1892
2682
2398
4125
1436
1106
2058
223
3460
3631
44
3386
4966
1408
4742
4871
4137
340
4420
4287
3077
1173
3305
4781
1763
3159
433
932
1228
4783
2279
4765
2085
2261
4820
1722
1693
1643
4024
4871
3801
2334
420
4178
1949
2541
950
3469
868
3449
2655
737
2279
4822
3649
3378
2444
3965
2581
3514
4282
4994
1148
3800
1367
493
4677
2835
3267
1665
4918
1493
3993
923
3805
1943
548
3779
448
4267
1269
3068
16
3694
3469
2554
4772
3302
4937
2194
4693
1530
839
4317
3659
4605
4924
4036
1969
2095
1922
1348
2990
178
3068
2485
3555
964
3401
3708
2120
473
1946
2760
669
2115
4267
2955
4170
452
1363
79
4234
3070
3403
4321
4471
2501
705
4537
352
4142
2436
327
1026
3724
2038
1681
4579
1833
2362
4919
4310
1704
3936
308
4392
3475
4678
1131
2676
3831
3782
3003
3001
1923
4738
2436
4014
27
1918
4243
801
644
2346
3547
537
1909
1946
897
961
4591
3047
2782
2686
4036
2613
3926
1223
1433
1162
855
2628
478
1051
596
2727
2432
4046
2163
2653
3394
190
4151
3699
739
160
717
1190
752
3451
2246
1415
4346
2722
1562
380
4630
3371
2180
3788
2764
2545
401
3992
2860
292
2604
385
4189
1244
253
1805
2815
3003
1819
2730
1566
3284
3785
1089
4795
2187
2186
2649
3022
2492
654
4316
4134
1210
3337
3113
1766
4196
3426
311
804
129
2784
3100
2607
3762
3448
4790
4514
952
884
1028
4947
833
3769
1443
3607
1772
1496
4301
3589
3786
1972
3376
3209
772
1912
1780
2837
1425
1251
3383
1722
2354
700
2073
2063
1430
665
3859
4746
2409
235
2602
680
4553
263
4794
476
3851
1008
1864
3123
568
4162
2005
4979
275
1064
4733
947
1485
2479
3502
312
702
2677
2995
2193
2380
2795
2809
2028
726
3025
4469
4027
2332
2184
2298
3118
1467
4207
839
2596
3560
1260
1079
4659
48
3049
4783
953
2502
954
1915
3912
3556
3333
461
2177
1262
237
2985
950
1038
3389
2903
1006
3393
833
3721
1475
1764
4834
2616
3544
2142
562
4196
1203
2769
520
2299
3377
3722
2166
725
2329
546
4760
2770
1581
4237
1587
701
3857
888
635
1578
2874
3610
4974
3086
1441
1333
4073
4707
4173
1650
352
2685
1987
1339
3172
1887
883
4556
2661
67
1723
3163
1629
4889
2316
869
3815
347
1405
4256
3939
1091
2996
1055
1269
98
2204
2748
2647
3136
3873
3863
1335
778
1781
1100
3283
2484
802
3839
594
1550
1518
4268
1301
4926
3335
157
1718
19
4464
3567
594
822
1793
1695
977
1034
4078
1047
3009
4106
4118
2380
4625
609
1636
2064
2028
3681
2335
3638
746
3559
3749
4997
3685
3017
1715
2288
3105
1385
2937
615
4790
1332
615
1739
1667
56
1578
3768
598
3652
1585
80
4877
3465
2911
2759
1634
2754
814
4817
1185
1715
870
3368
4151
2863
1213
281
539
1993
2118
374
1459
2211
3259
2594
2813
773
3083
2792
3241
4211
1901
4190
4982
1716
2724
2568
511
4532
2080
4428
2769
3484
4056
3675
1613
3481
258
2369
3822
3771
4784
3727
1839
482
2596
448
2602
1264
1911
1699
1644
3071
4080
715
2078
60
2184
3745
2027
4933
2040
286
1839
990
710
1048
433
2003
3862
1209
4023
2434
2761
3166
4105
4458
1806
403
1330
1301
1635
4160
1771
3501
582
301
134
484
1466
4625
4302
4716
1262
1608
4641
3832
4851
1040
4780
3627
2418
1117
4444
2322
767
383
1050
2710
4105
4478
2118
322
2118
129
1445
3106
1556
1587
1902
1197
3512
2509
2460
376
4419
4455
2985
1538
1616
2865
279
2618
108
4426
1529
203
4720
2255
2516
1220
203
2623
1338
316
127
3847
4591
3746
3077
4803
3619
3874
4070
2331
1147
1352
3984
3338
3175
4929
4307
2228
77
3518
1708
4765
2006
4499
4264
1074
2134
1827
4274
2620
4002
989
4490
52
4706
3268
3125
3633
2135
4857
1542
3551
3397
229
324
1769
3865
591
4789
945
1585
3065
3668
2089
3385
1953
879
4638
17
1901
1458
4858
1226
591
2428
2012
1737
4986
2673
3491
2083
4329
1315
3081
861
4931
4859
3640
1437
3070
1766
3786
4231
4603
3601
1997
4920
3196
2916
232
3922
1845
2357
1825
4948
985
3071
4209
478
4737
1799
1886
1315
2083
228
3
2685
852
2725
2778
4652
3650
558
2522
2912
1258
2082
621
4295
2284
3570
4663
2190
1529
1346
1304
1578
1424
277
807
2441
2970
2517
206
4768
2098
524
2852
826
838
62
1389
3409
3377
4553
3392
2366
3556
2866
1092
3170
3175
3771
2335
2461
1086
1194
3522
4947
46
262
2955
1042
3654
775
4527
839
4396
3948
536
1646
1536
2660
152
3663
3096
2402
3214
2315
4271
833
3282
4215
4845
3852
983
214
4870
3300
808
383
1364
2431
324
4248
923
1379
3608
2382
2309
3788
3969
476
3775
2773
1003
684
3069
714
513
68
2300
2509
549
1312
1394
1643
802
792
198
1249
2400
3517
1895
2315
1487
3909
596
4020
495
4015
2801
3607
2870
2872
3573
3756
2429
2365
791
3331
2261
413
4962
2874
3160
1179
1557
471
3163
3961
2235
4578
3702
3344
4077
2701
60
1045
1388
4083
3679
3709
2112
4331
4794
29
632
989
73
27
676
4483
4771
1785
64
1608
4882
4680
904
1367
1975
4584
3388
3137
4086
267
3660
1106
2058
2051
4794
1951
3720
3332
2664
2169
3565
4625
1278
4872
2148
3178
1947
2021
2158
3622
2177
1388
2446
3870
1171
2375
2265
920
1479
4040
2277
2395
4710
3502
454
3127
868
1663
3331
4648
1745
3815
3419
2084
839
1196
4463
234
2619
4945
574
3470
4429
2567
62
604
2955
988
3423
4371
4729
3365
2568
3244
4951
987
4849
3028
4958
1865
560
1636
3739
3643
601
1851
1993
1733
4427
68
1705
2091
3720
2479
2977
4913
2967
4692
3326
959
347
657
4397
2382
916
2365
2534
1440
4528
2751
322
3160
2794
1593
743
1586
4143
3657
3315
3304
1191
1465
2924
4807
4988
1921
2021
3778
1025
1742
4108
3427
458
2544
338
2445
1519
3137
1697
1916
4259
1336
2909
1490
388
4995
3257
722
4099
1174
3459
178
4082
3820
4603
1109
885
1150
2996
1030
4860
4803
4217
1231
879
3145
1603
4316
560
2719
4776
3316
1959
1663
4634
4085
281
4476
4592
195
141
1001
4690
2616
4805
334
2352
2718
239
4970
2023
1618
4647
4073
4706
3311
385
1183
3329
4286
1548
2222
50
2661
2989